#tab, d=300 nm, n=1
#nm  Qext    Qsca
201 2.43153 2.43153
202 2.42649 2.42649
203 2.42411 2.42411
204 2.42706 2.42706
205 2.44346 2.44346
206 2.49501 2.49501
207 2.64469 2.64469
208 3.05799 3.05799
209 3.40579 3.40579
210 2.73630 2.73630
211 2.32935 2.32935
212 2.16270 2.16270
213 2.08607 2.08607
214 2.05782 2.05782
215 2.06937 2.06937
216 2.12044 2.12044
217 2.20845 2.20845
218 2.31935 2.31935
219 2.42024 2.42024
220 2.46475 2.46475
221 2.42105 2.42105
222 2.29919 2.29919
223 2.14077 2.14077
224 1.98564 1.98564
225 1.85490 1.85490
226 1.75390 1.75390
227 1.68025 1.68025
228 1.62934 1.62934
229 1.59678 1.59678
230 1.57924 1.57924
231 1.57467 1.57467
232 1.58233 1.58233
233 1.60299 1.60299
234 1.63937 1.63937
235 1.69706 1.69706
236 1.78621 1.78621
237 1.92403 1.92403
238 2.13524 2.13524
239 2.43272 2.43272
240 2.72774 2.72774
241 2.75296 2.75296
242 2.44190 2.44190
243 2.08736 2.08736
244 1.84545 1.84545
245 1.70644 1.70644
246 1.63427 1.63427
247 1.60432 1.60432
248 1.60268 1.60268
249 1.62156 1.62156
250 1.65620 1.65620
251 1.70305 1.70305
252 1.75880 1.75880
253 1.81983 1.81983
254 1.88203 1.88203
255 1.94087 1.94087
256 1.99187 1.99187
257 2.03110 2.03110
258 2.05587 2.05587
259 2.06515 2.06515
260 2.05972 2.05972
261 2.04196 2.04196
262 2.01529 2.01529
263 1.98357 1.98357
264 1.95054 1.95054
265 1.91946 1.91946
266 1.89295 1.89295
267 1.87296 1.87296
268 1.86090 1.86090
269 1.85777 1.85777
270 1.86433 1.86433
271 1.88124 1.88124
272 1.90923 1.90923
273 1.94917 1.94917
274 2.00220 2.00220
275 2.06982 2.06982
276 2.15394 2.15394
277 2.25675 2.25675
278 2.38049 2.38049
279 2.52664 2.52664
280 2.69417 2.69417
281 2.87655 2.87655
282 3.05754 3.05754
283 3.20865 3.20865
284 3.29420 3.29420
285 3.28830 3.28830
286 3.19354 3.19354
287 3.04147 3.04147
288 2.87272 2.87272
289 2.71772 2.71772
290 2.59119 2.59119
291 2.49629 2.49629
292 2.43029 2.43029
293 2.38850 2.38850
294 2.36614 2.36614
295 2.35911 2.35911
296 2.36407 2.36407
297 2.37843 2.37843
298 2.40016 2.40016
299 2.42768 2.42768
300 2.45975 2.45975
301 2.49535 2.49535
302 2.53369 2.53369
303 2.57407 2.57407
304 2.61591 2.61591
305 2.65870 2.65870
306 2.70200 2.70200
307 2.74542 2.74542
308 2.78862 2.78862
309 2.83130 2.83130
310 2.87322 2.87322
311 2.91419 2.91419
312 2.95408 2.95408
313 2.99279 2.99279
314 3.03030 3.03030
315 3.06666 3.06666
316 3.10193 3.10193
317 3.13626 3.13626
318 3.16984 3.16984
319 3.20289 3.20289
320 3.23568 3.23568
321 3.26852 3.26852
322 3.30172 3.30172
323 3.33563 3.33563
324 3.37062 3.37062
325 3.40704 3.40704
326 3.44529 3.44529
327 3.48574 3.48574
328 3.52878 3.52878
329 3.57476 3.57476
330 3.62405 3.62405
331 3.67701 3.67701
332 3.73392 3.73392
333 3.79508 3.79508
334 3.86067 3.86067
335 3.93083 3.93083
336 4.00552 4.00552
337 4.08456 4.08456
338 4.16752 4.16752
339 4.25367 4.25367
340 4.34188 4.34188
341 4.43057 4.43057
342 4.51762 4.51762
343 4.60041 4.60041
344 4.67582 4.67582
345 4.74039 4.74039
346 4.79067 4.79067
347 4.82350 4.82350
348 4.83654 4.83654
349 4.82863 4.82863
350 4.80008 4.80008
351 4.75266 4.75266
352 4.68942 4.68942
353 4.61423 4.61423
354 4.53132 4.53132
355 4.44476 4.44476
356 4.35816 4.35816
357 4.27438 4.27438
358 4.19556 4.19556
359 4.12310 4.12310
360 4.05781 4.05781
361 4.00002 4.00002
362 3.94968 3.94968
363 3.90654 3.90654
364 3.87018 3.87018
365 3.84010 3.84010
366 3.81576 3.81576
367 3.79664 3.79664
368 3.78220 3.78220
369 3.77198 3.77198
370 3.76553 3.76553
371 3.76245 3.76245
372 3.76237 3.76237
373 3.76498 3.76498
374 3.77000 3.77000
375 3.77716 3.77716
376 3.78625 3.78625
377 3.79709 3.79709
378 3.80949 3.80949
379 3.82331 3.82331
380 3.83842 3.83842
381 3.85471 3.85471
382 3.87208 3.87208
383 3.89045 3.89045
384 3.90974 3.90974
385 3.92989 3.92989
386 3.95084 3.95084
387 3.97255 3.97255
388 3.99496 3.99496
389 4.01806 4.01806
390 4.04180 4.04180
391 4.06617 4.06617
392 4.09113 4.09113
393 4.11667 4.11667
394 4.14277 4.14277
395 4.16942 4.16942
396 4.19661 4.19661
397 4.22432 4.22432
398 4.25256 4.25256
399 4.28130 4.28130
400 4.31056 4.31056
401 4.34031 4.34031
402 4.37056 4.37056
403 4.40131 4.40131
404 4.43254 4.43254
405 4.46427 4.46427
406 4.49647 4.49647
407 4.52916 4.52916
408 4.56233 4.56233
409 4.59596 4.59596
410 4.63007 4.63007
411 4.66463 4.66463
412 4.69965 4.69965
413 4.73512 4.73512
414 4.77101 4.77101
415 4.80733 4.80733
416 4.84406 4.84406
417 4.88116 4.88116
418 4.91863 4.91863
419 4.95643 4.95643
420 4.99454 4.99454
421 5.03291 5.03291
422 5.07149 5.07149
423 5.11024 5.11024
424 5.14910 5.14910
425 5.18799 5.18799
426 5.22683 5.22683
427 5.26554 5.26554
428 5.30401 5.30401
429 5.34213 5.34213
430 5.37976 5.37976
431 5.41677 5.41677
432 5.45299 5.45299
433 5.48825 5.48825
434 5.52236 5.52236
435 5.55512 5.55512
436 5.58631 5.58631
437 5.61571 5.61571
438 5.64307 5.64307
439 5.66814 5.66814
440 5.69069 5.69069
441 5.71045 5.71045
442 5.72717 5.72717
443 5.74062 5.74062
444 5.75057 5.75057
445 5.75681 5.75681
446 5.75917 5.75917
447 5.75747 5.75747
448 5.75162 5.75162
449 5.74154 5.74154
450 5.72719 5.72719
451 5.70859 5.70859
452 5.68579 5.68579
453 5.65892 5.65892
454 5.62813 5.62813
455 5.59361 5.59361
456 5.55560 5.55560
457 5.51439 5.51439
458 5.47028 5.47028
459 5.42358 5.42358
460 5.37464 5.37464
461 5.32381 5.32381
462 5.27144 5.27144
463 5.21788 5.21788
464 5.16346 5.16346
465 5.10850 5.10850
466 5.05331 5.05331
467 4.99817 4.99817
468 4.94334 4.94334
469 4.88904 4.88904
470 4.83549 4.83549
471 4.78286 4.78286
472 4.73131 4.73131
473 4.68098 4.68098
474 4.63196 4.63196
475 4.58436 4.58436
476 4.53823 4.53823
477 4.49363 4.49363
478 4.45059 4.45059
479 4.40913 4.40913
480 4.36926 4.36926
481 4.33099 4.33099
482 4.29429 4.29429
483 4.25915 4.25915
484 4.22554 4.22554
485 4.19344 4.19344
486 4.16281 4.16281
487 4.13361 4.13361
488 4.10581 4.10581
489 4.07936 4.07936
490 4.05422 4.05422
491 4.03034 4.03034
492 4.00770 4.00770
493 3.98623 3.98623
494 3.96590 3.96590
495 3.94666 3.94666
496 3.92849 3.92849
497 3.91133 3.91133
498 3.89514 3.89514
499 3.87990 3.87990
500 3.86556 3.86556
501 3.85209 3.85209
502 3.83945 3.83945
503 3.82762 3.82762
504 3.81656 3.81656
505 3.80624 3.80624
506 3.79664 3.79664
507 3.78773 3.78773
508 3.77947 3.77947
509 3.77186 3.77186
510 3.76486 3.76486
511 3.75845 3.75845
512 3.75261 3.75261
513 3.74732 3.74732
514 3.74256 3.74256
515 3.73832 3.73832
516 3.73457 3.73457
517 3.73130 3.73130
518 3.72849 3.72849
519 3.72613 3.72613
520 3.72420 3.72420
521 3.72269 3.72269
522 3.72158 3.72158
523 3.72087 3.72087
524 3.72054 3.72054
525 3.72059 3.72059
526 3.72098 3.72098
527 3.72173 3.72173
528 3.72282 3.72282
529 3.72423 3.72423
530 3.72596 3.72596
531 3.72800 3.72800
532 3.73035 3.73035
533 3.73299 3.73299
534 3.73591 3.73591
535 3.73911 3.73911
536 3.74257 3.74257
537 3.74630 3.74630
538 3.75029 3.75029
539 3.75452 3.75452
540 3.75900 3.75900
541 3.76371 3.76371
542 3.76865 3.76865
543 3.77380 3.77380
544 3.77918 3.77918
545 3.78477 3.78477
546 3.79055 3.79055
547 3.79654 3.79654
548 3.80272 3.80272
549 3.80908 3.80908
550 3.81562 3.81562
551 3.82234 3.82234
552 3.82922 3.82922
553 3.83627 3.83627
554 3.84347 3.84347
555 3.85083 3.85083
556 3.85833 3.85833
557 3.86596 3.86596
558 3.87373 3.87373
559 3.88163 3.88163
560 3.88965 3.88965
561 3.89778 3.89778
562 3.90601 3.90601
563 3.91435 3.91435
564 3.92278 3.92278
565 3.93131 3.93131
566 3.93991 3.93991
567 3.94858 3.94858
568 3.95733 3.95733
569 3.96613 3.96613
570 3.97499 3.97499
571 3.98389 3.98389
572 3.99282 3.99282
573 4.00179 4.00179
574 4.01078 4.01078
575 4.01978 4.01978
576 4.02878 4.02878
577 4.03778 4.03778
578 4.04676 4.04676
579 4.05573 4.05573
580 4.06466 4.06466
581 4.07355 4.07355
582 4.08238 4.08238
583 4.09116 4.09116
584 4.09986 4.09986
585 4.10849 4.10849
586 4.11702 4.11702
587 4.12544 4.12544
588 4.13376 4.13376
589 4.14194 4.14194
590 4.14999 4.14999
591 4.15789 4.15789
592 4.16563 4.16563
593 4.17320 4.17320
594 4.18059 4.18059
595 4.18778 4.18778
596 4.19475 4.19475
597 4.20151 4.20151
598 4.20803 4.20803
599 4.21431 4.21431
600 4.22032 4.22032
601 4.22607 4.22607
602 4.23152 4.23152
603 4.23668 4.23668
604 4.24153 4.24153
605 4.24605 4.24605
606 4.25024 4.25024
607 4.25407 4.25407
608 4.25755 4.25755
609 4.26064 4.26064
610 4.26335 4.26335
611 4.26566 4.26566
612 4.26756 4.26756
613 4.26904 4.26904
614 4.27008 4.27008
615 4.27067 4.27067
616 4.27081 4.27081
617 4.27048 4.27048
618 4.26967 4.26967
619 4.26838 4.26838
620 4.26659 4.26659
621 4.26430 4.26430
622 4.26149 4.26149
623 4.25816 4.25816
624 4.25431 4.25431
625 4.24993 4.24993
626 4.24500 4.24500
627 4.23953 4.23953
628 4.23352 4.23352
629 4.22695 4.22695
630 4.21983 4.21983
631 4.21216 4.21216
632 4.20392 4.20392
633 4.19513 4.19513
634 4.18578 4.18578
635 4.17588 4.17588
636 4.16542 4.16542
637 4.15441 4.15441
638 4.14285 4.14285
639 4.13075 4.13075
640 4.11810 4.11810
641 4.10493 4.10493
642 4.09123 4.09123
643 4.07701 4.07701
644 4.06228 4.06228
645 4.04705 4.04705
646 4.03132 4.03132
647 4.01511 4.01511
648 3.99844 3.99844
649 3.98130 3.98130
650 3.96371 3.96371
651 3.94569 3.94569
652 3.92725 3.92725
653 3.90840 3.90840
654 3.88915 3.88915
655 3.86953 3.86953
656 3.84954 3.84954
657 3.82920 3.82920
658 3.80852 3.80852
659 3.78753 3.78753
660 3.76623 3.76623
661 3.74464 3.74464
662 3.72279 3.72279
663 3.70068 3.70068
664 3.67833 3.67833
665 3.65575 3.65575
666 3.63298 3.63298
667 3.61001 3.61001
668 3.58686 3.58686
669 3.56356 3.56356
670 3.54012 3.54012
671 3.51655 3.51655
672 3.49287 3.49287
673 3.46909 3.46909
674 3.44523 3.44523
675 3.42130 3.42130
676 3.39732 3.39732
677 3.37331 3.37331
678 3.34926 3.34926
679 3.32521 3.32521
680 3.30115 3.30115
681 3.27711 3.27711
682 3.25309 3.25309
683 3.22911 3.22911
684 3.20518 3.20518
685 3.18130 3.18130
686 3.15750 3.15750
687 3.13377 3.13377
688 3.11013 3.11013
689 3.08659 3.08659
690 3.06316 3.06316
691 3.03984 3.03984
692 3.01664 3.01664
693 2.99356 2.99356
694 2.97063 2.97063
695 2.94784 2.94784
696 2.92520 2.92520
697 2.90271 2.90271
698 2.88038 2.88038
699 2.85821 2.85821
700 2.83622 2.83622
701 2.81440 2.81440
702 2.79276 2.79276
703 2.77129 2.77129
704 2.75002 2.75002
705 2.72893 2.72893
706 2.70803 2.70803
707 2.68732 2.68732
708 2.66681 2.66681
709 2.64649 2.64649
710 2.62637 2.62637
711 2.60645 2.60645
712 2.58673 2.58673
713 2.56721 2.56721
714 2.54790 2.54790
715 2.52878 2.52878
716 2.50987 2.50987
717 2.49116 2.49116
718 2.47265 2.47265
719 2.45435 2.45435
720 2.43624 2.43624
721 2.41834 2.41834
722 2.40064 2.40064
723 2.38313 2.38313
724 2.36583 2.36583
725 2.34872 2.34872
726 2.33181 2.33181
727 2.31509 2.31509
728 2.29856 2.29856
729 2.28223 2.28223
730 2.26609 2.26609
731 2.25013 2.25013
732 2.23436 2.23436
733 2.21878 2.21878
734 2.20338 2.20338
735 2.18816 2.18816
736 2.17312 2.17312
737 2.15826 2.15826
738 2.14357 2.14357
739 2.12906 2.12906
740 2.11472 2.11472
741 2.10054 2.10054
742 2.08654 2.08654
743 2.07270 2.07270
744 2.05902 2.05902
745 2.04550 2.04550
746 2.03214 2.03214
747 2.01894 2.01894
748 2.00589 2.00589
749 1.99299 1.99299
750 1.98024 1.98024
751 1.96764 1.96764
752 1.95519 1.95519
753 1.94288 1.94288
754 1.93071 1.93071
755 1.91868 1.91868
756 1.90678 1.90678
757 1.89503 1.89503
758 1.88340 1.88340
759 1.87191 1.87191
760 1.86054 1.86054
761 1.84930 1.84930
762 1.83819 1.83819
763 1.82719 1.82719
764 1.81632 1.81632
765 1.80557 1.80557
766 1.79494 1.79494
767 1.78442 1.78442
768 1.77401 1.77401
769 1.76372 1.76372
770 1.75353 1.75353
771 1.74346 1.74346
772 1.73349 1.73349
773 1.72362 1.72362
774 1.71386 1.71386
775 1.70419 1.70419
776 1.69463 1.69463
777 1.68516 1.68516
778 1.67579 1.67579
779 1.66652 1.66652
780 1.65734 1.65734
781 1.64825 1.64825
782 1.63925 1.63925
783 1.63033 1.63033
784 1.62151 1.62151
785 1.61277 1.61277
786 1.60411 1.60411
787 1.59554 1.59554
788 1.58705 1.58705
789 1.57864 1.57864
790 1.57031 1.57031
791 1.56205 1.56205
792 1.55387 1.55387
793 1.54577 1.54577
794 1.53774 1.53774
795 1.52978 1.52978
796 1.52190 1.52190
797 1.51408 1.51408
798 1.50634 1.50634
799 1.49866 1.49866
800 1.49105 1.49105
801 1.48350 1.48350
802 1.47602 1.47602
803 1.46860 1.46860
804 1.46125 1.46125
805 1.45396 1.45396
806 1.44673 1.44673
807 1.43956 1.43956
808 1.43245 1.43245
809 1.42539 1.42539
810 1.41840 1.41840
811 1.41146 1.41146
812 1.40457 1.40457
813 1.39774 1.39774
814 1.39097 1.39097
815 1.38424 1.38424
816 1.37757 1.37757
817 1.37096 1.37096
818 1.36439 1.36439
819 1.35787 1.35787
820 1.35140 1.35140
821 1.34498 1.34498
822 1.33861 1.33861
823 1.33228 1.33228
824 1.32600 1.32600
825 1.31977 1.31977
826 1.31358 1.31358
827 1.30744 1.30744
828 1.30134 1.30134
829 1.29529 1.29529
830 1.28927 1.28927
831 1.28330 1.28330
832 1.27737 1.27737
833 1.27148 1.27148
834 1.26564 1.26564
835 1.25983 1.25983
836 1.25406 1.25406
837 1.24833 1.24833
838 1.24264 1.24264
839 1.23699 1.23699
840 1.23137 1.23137
841 1.22579 1.22579
842 1.22025 1.22025
843 1.21475 1.21475
844 1.20928 1.20928
845 1.20384 1.20384
846 1.19844 1.19844
847 1.19307 1.19307
848 1.18774 1.18774
849 1.18244 1.18244
850 1.17718 1.17718
851 1.17194 1.17194
852 1.16674 1.16674
853 1.16157 1.16157
854 1.15644 1.15644
855 1.15133 1.15133
856 1.14626 1.14626
857 1.14121 1.14121
858 1.13620 1.13620
859 1.13121 1.13121
860 1.12626 1.12626
861 1.12133 1.12133
862 1.11643 1.11643
863 1.11157 1.11157
864 1.10673 1.10673
865 1.10191 1.10191
866 1.09713 1.09713
867 1.09237 1.09237
868 1.08764 1.08764
869 1.08294 1.08294
870 1.07826 1.07826
871 1.07361 1.07361
872 1.06899 1.06899
873 1.06439 1.06439
874 1.05982 1.05982
875 1.05527 1.05527
876 1.05075 1.05075
877 1.04625 1.04625
878 1.04178 1.04178
879 1.03733 1.03733
880 1.03290 1.03290
881 1.02850 1.02850
882 1.02412 1.02412
883 1.01977 1.01977
884 1.01544 1.01544
885 1.01113 1.01113
886 1.00685 1.00685
887 1.00259 1.00259
888 0.99835 0.99835
889 0.99413 0.99413
890 0.98994 0.98994
891 0.98576 0.98576
892 0.98161 0.98161
893 0.97748 0.97748
894 0.97337 0.97337
895 0.96929 0.96929
896 0.96522 0.96522
897 0.96117 0.96117
898 0.95715 0.95715
899 0.95314 0.95314
900 0.94916 0.94916
901 0.94520 0.94520
902 0.94125 0.94125
903 0.93733 0.93733
904 0.93342 0.93342
905 0.92954 0.92954
906 0.92567 0.92567
907 0.92183 0.92183
908 0.91800 0.91800
909 0.91419 0.91419
910 0.91041 0.91041
911 0.90663 0.90663
912 0.90288 0.90288
913 0.89915 0.89915
914 0.89544 0.89544
915 0.89174 0.89174
916 0.88806 0.88806
917 0.88440 0.88440
918 0.88076 0.88076
919 0.87713 0.87713
920 0.87352 0.87352
921 0.86993 0.86993
922 0.86636 0.86636
923 0.86280 0.86280
924 0.85927 0.85927
925 0.85574 0.85574
926 0.85224 0.85224
927 0.84875 0.84875
928 0.84528 0.84528
929 0.84183 0.84183
930 0.83839 0.83839
931 0.83497 0.83497
932 0.83156 0.83156
933 0.82817 0.82817
934 0.82480 0.82480
935 0.82144 0.82144
936 0.81810 0.81810
937 0.81477 0.81477
938 0.81146 0.81146
939 0.80817 0.80817
940 0.80489 0.80489
941 0.80163 0.80163
942 0.79838 0.79838
943 0.79514 0.79514
944 0.79193 0.79193
945 0.78872 0.78872
946 0.78553 0.78553
947 0.78236 0.78236
948 0.77920 0.77920
949 0.77606 0.77606
950 0.77293 0.77293
951 0.76981 0.76981
952 0.76671 0.76671
953 0.76363 0.76363
954 0.76056 0.76056
955 0.75750 0.75750
956 0.75445 0.75445
957 0.75142 0.75142
958 0.74841 0.74841
959 0.74541 0.74541
960 0.74242 0.74242
961 0.73945 0.73945
962 0.73648 0.73648
963 0.73354 0.73354
964 0.73060 0.73060
965 0.72768 0.72768
966 0.72478 0.72478
967 0.72188 0.72188
968 0.71900 0.71900
969 0.71614 0.71614
970 0.71328 0.71328
971 0.71044 0.71044
972 0.70761 0.70761
973 0.70480 0.70480
974 0.70199 0.70199
975 0.69920 0.69920
976 0.69643 0.69643
977 0.69366 0.69366
978 0.69091 0.69091
979 0.68817 0.68817
980 0.68544 0.68544
981 0.68273 0.68273
982 0.68003 0.68003
983 0.67734 0.67734
984 0.67466 0.67466
985 0.67199 0.67199
986 0.66934 0.66934
987 0.66670 0.66670
988 0.66407 0.66407
989 0.66145 0.66145
990 0.65884 0.65884
991 0.65625 0.65625
992 0.65366 0.65366
993 0.65109 0.65109
994 0.64853 0.64853
995 0.64598 0.64598
996 0.64345 0.64345
997 0.64092 0.64092
998 0.63841 0.63841
999 0.63590 0.63590
1000 0.63341 0.63341
