#Si, d=150 nm, n=1
#nm  Qext    Qsca
251 3.22068 2.39306
252 3.21088 2.39334
253 3.20244 2.39403
254 3.19485 2.39493
255 3.18765 2.39587
256 3.18037 2.39661
257 3.17254 2.39694
258 3.16372 2.39662
259 3.15347 2.39539
260 3.14140 2.39304
261 3.12787 2.38989
262 3.11348 2.38626
263 3.09831 2.38190
264 3.08242 2.37658
265 3.06592 2.37015
266 3.04892 2.36248
267 3.03155 2.35348
268 3.01394 2.34310
269 2.99621 2.33134
270 2.97848 2.31820
271 2.95998 2.30434
272 2.94041 2.29041
273 2.92048 2.27638
274 2.90083 2.26223
275 2.88198 2.24790
276 2.86436 2.23333
277 2.84833 2.21842
278 2.83416 2.20303
279 2.82205 2.18699
280 2.81217 2.17009
281 2.80305 2.15210
282 2.79332 2.13351
283 2.78318 2.11501
284 2.77286 2.09718
285 2.76260 2.08043
286 2.75261 2.06508
287 2.74311 2.05133
288 2.73429 2.03930
289 2.72636 2.02905
290 2.71947 2.02059
291 2.71481 2.01203
292 2.71297 2.00170
293 2.71326 1.98991
294 2.71511 1.97695
295 2.71797 1.96321
296 2.72137 1.94909
297 2.72485 1.93510
298 2.72804 1.92181
299 2.73058 1.90987
300 2.73219 1.89996
301 2.73334 1.89165
302 2.73467 1.88403
303 2.73618 1.87703
304 2.73785 1.87060
305 2.73967 1.86467
306 2.74161 1.85919
307 2.74364 1.85414
308 2.74575 1.84946
309 2.74790 1.84512
310 2.75005 1.84110
311 2.75218 1.83751
312 2.75430 1.83446
313 2.75641 1.83187
314 2.75853 1.82966
315 2.76065 1.82778
316 2.76278 1.82614
317 2.76492 1.82468
318 2.76706 1.82331
319 2.76922 1.82197
320 2.77138 1.82057
321 2.77346 1.81920
322 2.77543 1.81795
323 2.77729 1.81683
324 2.77908 1.81585
325 2.78081 1.81499
326 2.78253 1.81426
327 2.78424 1.81366
328 2.78599 1.81318
329 2.78778 1.81281
330 2.78965 1.81254
331 2.79159 1.81239
332 2.79359 1.81233
333 2.79561 1.81239
334 2.79765 1.81256
335 2.79970 1.81284
336 2.80173 1.81323
337 2.80374 1.81373
338 2.80571 1.81435
339 2.80762 1.81508
340 2.80946 1.81594
341 2.81132 1.81691
342 2.81327 1.81797
343 2.81524 1.81914
344 2.81719 1.82042
345 2.81906 1.82180
346 2.82080 1.82330
347 2.82236 1.82491
348 2.82369 1.82665
349 2.82472 1.82851
350 2.82542 1.83051
351 2.82581 1.83275
352 2.82595 1.83528
353 2.82587 1.83801
354 2.82559 1.84086
355 2.82512 1.84375
356 2.82447 1.84661
357 2.82365 1.84935
358 2.82269 1.85191
359 2.82157 1.85422
360 2.82030 1.85622
361 2.81854 1.85718
362 2.81605 1.85662
363 2.81302 1.85488
364 2.80965 1.85222
365 2.80612 1.84890
366 2.80265 1.84511
367 2.79946 1.84098
368 2.79676 1.83656
369 2.79477 1.83182
370 2.79365 1.82659
371 2.79308 1.81996
372 2.79230 1.81111
373 2.79061 1.79976
374 2.78714 1.78543
375 2.78089 1.76744
376 2.77083 1.74513
377 2.75631 1.71810
378 2.73751 1.68666
379 2.71604 1.65223
380 2.69510 1.61750
381 2.67900 1.58449
382 2.67309 1.55516
383 2.68360 1.53428
384 2.71637 1.52818
385 2.77505 1.54424
386 2.85891 1.58923
387 2.96146 1.66657
388 3.07162 1.77378
389 3.17761 1.90223
390 3.27116 2.04036
391 3.34660 2.17639
392 3.40041 2.29736
393 3.43500 2.39562
394 3.45540 2.46968
395 3.46712 2.52207
396 3.47505 2.55706
397 3.48303 2.57911
398 3.49395 2.59219
399 3.50989 2.59961
400 3.53246 2.60424
401 3.56115 2.60454
402 3.59327 2.59693
403 3.62593 2.58040
404 3.65463 2.55329
405 3.67344 2.51367
406 3.67544 2.45985
407 3.65377 2.39106
408 3.60310 2.30803
409 3.52119 2.21334
410 3.40983 2.11122
411 3.27656 2.00792
412 3.13352 1.90993
413 2.99182 1.82111
414 2.86021 1.74323
415 2.74443 1.67634
416 2.64762 1.61948
417 2.57103 1.57124
418 2.51455 1.53022
419 2.47680 1.49523
420 2.45471 1.46536
421 2.44273 1.44010
422 2.43201 1.41880
423 2.41117 1.40019
424 2.36919 1.38235
425 2.30080 1.36314
426 2.21029 1.34113
427 2.10856 1.31611
428 2.00659 1.28874
429 1.91128 1.25989
430 1.82536 1.23024
431 1.74923 1.20032
432 1.68198 1.17047
433 1.62207 1.14072
434 1.56806 1.11103
435 1.51876 1.08136
436 1.47323 1.05161
437 1.43072 1.02173
438 1.39067 0.99162
439 1.35266 0.96122
440 1.31636 0.93046
441 1.28164 0.89938
442 1.24843 0.86812
443 1.21660 0.83670
444 1.18606 0.80517
445 1.15678 0.77360
446 1.12874 0.74203
447 1.10197 0.71057
448 1.07651 0.67929
449 1.05245 0.64831
450 1.02988 0.61775
451 1.00905 0.58777
452 0.99027 0.55854
453 0.97382 0.53024
454 0.96006 0.50310
455 0.94941 0.47736
456 0.94237 0.45334
457 0.93955 0.43138
458 0.94168 0.41193
459 0.94966 0.39548
460 0.96456 0.38264
461 0.98781 0.37415
462 1.02107 0.37086
463 1.06620 0.37375
464 1.12551 0.38398
465 1.20196 0.40293
466 1.29931 0.43228
467 1.42244 0.47410
468 1.57775 0.53092
469 1.77365 0.60587
470 2.02089 0.70278
471 2.33215 0.82588
472 2.71898 0.97899
473 3.18306 1.16363
474 3.69660 1.37405
475 4.17852 1.59145
476 4.50730 1.78736
477 4.61093 1.94553
478 4.54446 2.08033
479 4.43196 2.22204
480 4.36491 2.39198
481 4.37590 2.59623
482 4.46162 2.83118
483 4.60528 3.08909
484 4.78782 3.36102
485 4.99190 3.63797
486 5.20283 3.91140
487 5.40870 4.17366
488 5.60025 4.41821
489 5.77070 4.63995
490 5.91564 4.83529
491 6.03253 5.00187
492 6.12091 5.13916
493 6.18178 5.24813
494 6.21695 5.33042
495 6.22867 5.38812
496 6.21945 5.42354
497 6.19184 5.43910
498 6.14832 5.43717
499 6.09124 5.42003
500 6.02276 5.38978
501 5.94514 5.34861
502 5.86054 5.29855
503 5.77072 5.24128
504 5.67723 5.17827
505 5.58138 5.11087
506 5.48433 5.04023
507 5.38703 4.96735
508 5.29027 4.89308
509 5.19470 4.81813
510 5.10083 4.74311
511 5.00901 4.66844
512 4.91946 4.59455
513 4.83244 4.52183
514 4.74811 4.45059
515 4.66658 4.38107
516 4.58791 4.31346
517 4.51212 4.24788
518 4.43920 4.18443
519 4.36911 4.12316
520 4.30180 4.06410
521 4.23724 4.00723
522 4.17538 3.95249
523 4.11610 3.89981
524 4.05931 3.84913
525 4.00490 3.80039
526 3.95279 3.75352
527 3.90288 3.70847
528 3.85511 3.66518
529 3.80939 3.62362
530 3.76567 3.58373
531 3.72390 3.54552
532 3.68406 3.50898
533 3.64612 3.47409
534 3.61005 3.44081
535 3.57582 3.40912
536 3.54341 3.37899
537 3.51281 3.35039
538 3.48398 3.32331
539 3.45693 3.29772
540 3.43162 3.27360
541 3.40806 3.25093
542 3.38622 3.22971
543 3.36607 3.20993
544 3.34759 3.19159
545 3.33078 3.17469
546 3.31561 3.15925
547 3.30209 3.14526
548 3.29022 3.13276
549 3.28001 3.12175
550 3.27145 3.11227
551 3.26458 3.10433
552 3.25944 3.09793
553 3.25605 3.09311
554 3.25445 3.08991
555 3.25469 3.08835
556 3.25682 3.08849
557 3.26091 3.09039
558 3.26702 3.09411
559 3.27522 3.09971
560 3.28562 3.10728
561 3.29829 3.11691
562 3.31331 3.12870
563 3.33079 3.14273
564 3.35085 3.15910
565 3.37363 3.17789
566 3.39925 3.19921
567 3.42788 3.22317
568 3.45965 3.24988
569 3.49475 3.27946
570 3.53335 3.31202
571 3.57566 3.34770
572 3.62190 3.38665
573 3.67228 3.42910
574 3.72703 3.47528
575 3.78641 3.52545
576 3.85068 3.57991
577 3.92017 3.63899
578 3.99519 3.70305
579 4.07613 3.77250
580 4.16339 3.84778
581 4.25736 3.92934
582 4.35848 4.01756
583 4.46727 4.11285
584 4.58427 4.21566
585 4.71007 4.32643
586 4.84525 4.44560
587 4.99038 4.57361
588 5.14606 4.71084
589 5.31282 4.85764
590 5.49116 5.01428
591 5.68137 5.18086
592 5.88366 5.35755
593 6.09821 5.54456
594 6.32509 5.74201
595 6.56414 5.94986
596 6.81496 6.16787
597 7.07687 6.39559
598 7.34875 6.63225
599 7.62905 6.87670
600 7.91568 7.12739
601 8.20581 7.38211
602 8.49555 7.63742
603 8.78000 7.88889
604 9.05333 8.13124
605 9.30889 8.35838
606 9.53938 8.56362
607 9.73720 8.73993
608 9.89488 8.88038
609 10.00563 8.97857
610 10.06389 9.02922
611 10.06628 9.02930
612 10.01183 8.97826
613 9.90150 8.87716
614 9.73835 8.72887
615 9.52718 8.53787
616 9.27419 8.30987
617 8.98647 8.05132
618 8.67151 7.76902
619 8.33675 7.46971
620 7.98919 7.15968
621 7.63529 6.84451
622 7.28079 6.52906
623 6.93045 6.21752
624 6.58808 5.91324
625 6.25662 5.61879
626 5.93819 5.33604
627 5.63422 5.06622
628 5.34558 4.81008
629 5.07264 4.56795
630 4.81544 4.33982
631 4.57372 4.12546
632 4.34702 3.92444
633 4.13475 3.73624
634 3.93620 3.56022
635 3.75064 3.39573
636 3.57729 3.24206
637 3.41539 3.09854
638 3.26417 2.96448
639 3.12290 2.83924
640 2.99087 2.72218
641 2.86743 2.61272
642 2.75193 2.51030
643 2.64381 2.41440
644 2.54250 2.32453
645 2.44751 2.24025
646 2.35836 2.16113
647 2.27462 2.08679
648 2.19589 2.01688
649 2.12179 1.95108
650 2.05200 1.88907
651 1.98611 1.83060
652 1.92380 1.77542
653 1.86487 1.72329
654 1.80912 1.67396
655 1.75639 1.62725
656 1.70650 1.58294
657 1.65931 1.54089
658 1.61467 1.50092
659 1.57246 1.46291
660 1.53256 1.42670
661 1.49472 1.39223
662 1.45869 1.35940
663 1.42435 1.32811
664 1.39158 1.29823
665 1.36026 1.26967
666 1.33029 1.24234
667 1.30160 1.21616
668 1.27409 1.19106
669 1.24769 1.16696
670 1.22232 1.14381
671 1.19783 1.12154
672 1.17410 1.10014
673 1.15112 1.07954
674 1.12889 1.05971
675 1.10742 1.04062
676 1.08668 1.02221
677 1.06669 1.00447
678 1.04743 0.98736
679 1.02890 0.97084
680 1.01109 0.95490
681 0.99389 0.93949
682 0.97719 0.92458
683 0.96101 0.91015
684 0.94535 0.89618
685 0.93021 0.88265
686 0.91560 0.86954
687 0.90150 0.85683
688 0.88794 0.84450
689 0.87489 0.83255
690 0.86237 0.82095
691 0.85031 0.80971
692 0.83861 0.79881
693 0.82727 0.78822
694 0.81624 0.77793
695 0.80551 0.76791
696 0.79505 0.75814
697 0.78485 0.74861
698 0.77489 0.73930
699 0.76515 0.73019
700 0.75562 0.72128
701 0.74620 0.71254
702 0.73684 0.70399
703 0.72757 0.69563
704 0.71845 0.68744
705 0.70950 0.67944
706 0.70076 0.67161
707 0.69226 0.66396
708 0.68402 0.65649
709 0.67608 0.64919
710 0.66845 0.64206
711 0.66108 0.63510
712 0.65388 0.62829
713 0.64684 0.62164
714 0.63996 0.61512
715 0.63321 0.60874
716 0.62660 0.60248
717 0.62011 0.59634
718 0.61375 0.59032
719 0.60750 0.58439
720 0.60135 0.57857
721 0.59527 0.57284
722 0.58921 0.56721
723 0.58321 0.56168
724 0.57726 0.55625
725 0.57139 0.55091
726 0.56560 0.54566
727 0.55991 0.54050
728 0.55432 0.53543
729 0.54885 0.53044
730 0.54350 0.52555
731 0.53825 0.52073
732 0.53306 0.51600
733 0.52795 0.51135
734 0.52292 0.50677
735 0.51798 0.50226
736 0.51313 0.49782
737 0.50839 0.49345
738 0.50376 0.48914
739 0.49924 0.48488
740 0.49485 0.48069
741 0.49056 0.47655
742 0.48632 0.47247
743 0.48214 0.46845
744 0.47802 0.46448
745 0.47396 0.46057
746 0.46996 0.45671
747 0.46601 0.45291
748 0.46212 0.44916
749 0.45829 0.44546
750 0.45451 0.44182
751 0.45075 0.43823
752 0.44697 0.43469
753 0.44318 0.43121
754 0.43942 0.42777
755 0.43568 0.42437
756 0.43200 0.42102
757 0.42838 0.41771
758 0.42484 0.41444
759 0.42140 0.41121
760 0.41807 0.40801
761 0.41481 0.40485
762 0.41160 0.40173
763 0.40842 0.39864
764 0.40528 0.39559
765 0.40217 0.39258
766 0.39911 0.38960
767 0.39608 0.38666
768 0.39309 0.38375
769 0.39013 0.38088
770 0.38722 0.37805
771 0.38430 0.37525
772 0.38136 0.37248
773 0.37841 0.36975
774 0.37547 0.36706
775 0.37255 0.36439
776 0.36966 0.36175
777 0.36682 0.35915
778 0.36404 0.35657
779 0.36133 0.35401
780 0.35871 0.35148
781 0.35614 0.34898
782 0.35361 0.34650
783 0.35110 0.34405
784 0.34862 0.34162
785 0.34616 0.33922
786 0.34373 0.33684
787 0.34132 0.33449
788 0.33894 0.33216
789 0.33658 0.32986
790 0.33425 0.32757
791 0.33191 0.32532
792 0.32954 0.32308
793 0.32715 0.32086
794 0.32477 0.31867
795 0.32239 0.31650
796 0.32004 0.31435
797 0.31773 0.31222
798 0.31547 0.31012
799 0.31327 0.30803
800 0.31114 0.30597
801 0.30906 0.30393
802 0.30701 0.30191
803 0.30497 0.29991
804 0.30296 0.29793
805 0.30097 0.29598
806 0.29899 0.29404
807 0.29704 0.29211
808 0.29510 0.29021
809 0.29318 0.28832
810 0.29128 0.28645
811 0.28940 0.28460
812 0.28754 0.28276
813 0.28570 0.28094
814 0.28388 0.27913
815 0.28207 0.27735
816 0.28028 0.27557
817 0.27849 0.27382
818 0.27671 0.27207
819 0.27494 0.27035
820 0.27316 0.26864
821 0.27138 0.26694
822 0.26958 0.26526
823 0.26778 0.26360
824 0.26599 0.26195
825 0.26420 0.26031
826 0.26244 0.25869
827 0.26071 0.25708
828 0.25901 0.25548
829 0.25735 0.25390
830 0.25574 0.25233
831 0.25416 0.25078
832 0.25260 0.24923
833 0.25105 0.24770
834 0.24951 0.24618
835 0.24798 0.24468
836 0.24647 0.24319
837 0.24497 0.24171
838 0.24349 0.24024
839 0.24202 0.23879
840 0.24056 0.23735
841 0.23912 0.23592
842 0.23770 0.23451
843 0.23629 0.23311
844 0.23490 0.23172
845 0.23352 0.23034
846 0.23215 0.22898
847 0.23078 0.22763
848 0.22941 0.22628
849 0.22804 0.22495
850 0.22667 0.22363
851 0.22529 0.22232
852 0.22390 0.22101
853 0.22250 0.21972
854 0.22111 0.21844
855 0.21972 0.21717
856 0.21834 0.21591
857 0.21699 0.21465
858 0.21567 0.21341
859 0.21438 0.21218
860 0.21313 0.21096
861 0.21191 0.20975
862 0.21070 0.20856
863 0.20951 0.20737
864 0.20832 0.20619
865 0.20714 0.20502
866 0.20597 0.20386
867 0.20481 0.20271
868 0.20366 0.20157
869 0.20251 0.20043
870 0.20137 0.19930
871 0.20024 0.19818
872 0.19912 0.19707
873 0.19802 0.19596
874 0.19691 0.19485
875 0.19582 0.19376
876 0.19473 0.19267
877 0.19365 0.19160
878 0.19256 0.19053
879 0.19148 0.18947
880 0.19039 0.18842
881 0.18930 0.18738
882 0.18819 0.18635
883 0.18708 0.18532
884 0.18597 0.18431
885 0.18487 0.18330
886 0.18378 0.18230
887 0.18270 0.18131
888 0.18165 0.18032
889 0.18062 0.17935
890 0.17963 0.17837
891 0.17866 0.17741
892 0.17770 0.17645
893 0.17674 0.17550
894 0.17579 0.17455
895 0.17484 0.17361
896 0.17391 0.17268
897 0.17297 0.17175
898 0.17205 0.17083
899 0.17113 0.16992
900 0.17022 0.16902
901 0.16932 0.16812
902 0.16842 0.16722
903 0.16752 0.16633
904 0.16664 0.16545
905 0.16576 0.16458
906 0.16488 0.16371
907 0.16402 0.16284
908 0.16315 0.16199
909 0.16230 0.16114
910 0.16145 0.16029
911 0.16060 0.15945
912 0.15976 0.15861
913 0.15893 0.15779
914 0.15810 0.15696
915 0.15728 0.15614
916 0.15646 0.15533
917 0.15565 0.15452
918 0.15485 0.15372
919 0.15405 0.15293
920 0.15326 0.15214
921 0.15247 0.15136
922 0.15170 0.15059
923 0.15093 0.14982
924 0.15018 0.14905
925 0.14942 0.14829
926 0.14867 0.14754
927 0.14792 0.14679
928 0.14716 0.14605
929 0.14641 0.14531
930 0.14565 0.14457
931 0.14487 0.14384
932 0.14409 0.14311
933 0.14329 0.14239
934 0.14250 0.14167
935 0.14171 0.14095
936 0.14092 0.14024
937 0.14015 0.13953
938 0.13940 0.13883
939 0.13866 0.13813
940 0.13796 0.13744
941 0.13727 0.13676
942 0.13659 0.13608
943 0.13591 0.13540
944 0.13524 0.13473
945 0.13457 0.13407
946 0.13391 0.13340
947 0.13325 0.13275
948 0.13260 0.13209
949 0.13195 0.13145
950 0.13130 0.13080
951 0.13066 0.13016
952 0.13002 0.12952
953 0.12938 0.12889
954 0.12875 0.12826
955 0.12813 0.12763
956 0.12750 0.12701
957 0.12688 0.12640
958 0.12627 0.12578
959 0.12566 0.12517
960 0.12505 0.12457
961 0.12445 0.12396
962 0.12385 0.12337
963 0.12325 0.12277
964 0.12266 0.12218
965 0.12207 0.12159
966 0.12148 0.12101
967 0.12090 0.12043
968 0.12032 0.11985
969 0.11975 0.11928
970 0.11918 0.11871
971 0.11861 0.11814
972 0.11805 0.11758
973 0.11748 0.11702
974 0.11693 0.11647
975 0.11637 0.11591
976 0.11582 0.11536
977 0.11528 0.11482
978 0.11473 0.11428
979 0.11419 0.11374
980 0.11365 0.11320
981 0.11312 0.11267
982 0.11259 0.11214
983 0.11206 0.11161
984 0.11154 0.11109
985 0.11101 0.11057
986 0.11050 0.11005
987 0.10998 0.10954
988 0.10947 0.10903
989 0.10896 0.10852
990 0.10846 0.10802
991 0.10796 0.10752
992 0.10746 0.10702
993 0.10697 0.10653
994 0.10647 0.10604
995 0.10599 0.10555
996 0.10550 0.10507
997 0.10502 0.10459
998 0.10454 0.10411
999 0.10407 0.10364
1000 0.10359 0.10316
