#AuJC, d=50 nm, n=1
#nm  Qext    Qsca
200 2.41288 0.53712
201 2.41476 0.53555
202 2.41667 0.53404
203 2.41845 0.53249
204 2.42162 0.53094
205 2.42912 0.52974
206 2.43851 0.52903
207 2.44662 0.52872
208 2.45187 0.52879
209 2.45861 0.52980
210 2.46614 0.53125
211 2.47330 0.53258
212 2.47900 0.53326
213 2.48311 0.53321
214 2.48632 0.53277
215 2.48893 0.53209
216 2.49124 0.53131
217 2.49349 0.53057
218 2.49557 0.52980
219 2.49734 0.52894
220 2.49866 0.52792
221 2.49940 0.52667
222 2.49895 0.52502
223 2.49575 0.52265
224 2.49096 0.51987
225 2.48607 0.51707
226 2.48261 0.51462
227 2.48192 0.51286
228 2.48357 0.51166
229 2.48611 0.51068
230 2.48805 0.50959
231 2.48779 0.50802
232 2.48380 0.50560
233 2.47631 0.50241
234 2.46685 0.49878
235 2.45699 0.49509
236 2.44834 0.49169
237 2.44252 0.48894
238 2.43887 0.48669
239 2.43509 0.48444
240 2.43123 0.48224
241 2.42733 0.48010
242 2.42344 0.47806
243 2.41946 0.47611
244 2.41407 0.47397
245 2.40741 0.47167
246 2.40009 0.46930
247 2.39273 0.46698
248 2.38598 0.46483
249 2.38049 0.46297
250 2.37572 0.46131
251 2.37080 0.45969
252 2.36568 0.45807
253 2.36032 0.45644
254 2.35469 0.45478
255 2.34875 0.45305
256 2.34163 0.45113
257 2.33225 0.44881
258 2.32105 0.44615
259 2.30850 0.44318
260 2.29511 0.43995
261 2.28137 0.43653
262 2.26774 0.43296
263 2.25398 0.42925
264 2.23990 0.42538
265 2.22540 0.42137
266 2.21039 0.41719
267 2.19476 0.41286
268 2.17841 0.40837
269 2.16124 0.40372
270 2.14295 0.39888
271 2.12361 0.39387
272 2.10362 0.38873
273 2.08338 0.38351
274 2.06326 0.37826
275 2.04362 0.37300
276 2.02481 0.36779
277 2.00680 0.36260
278 1.98912 0.35738
279 1.97179 0.35216
280 1.95485 0.34697
281 1.93833 0.34183
282 1.92224 0.33678
283 1.90660 0.33183
284 1.89143 0.32700
285 1.87686 0.32232
286 1.86317 0.31777
287 1.85015 0.31332
288 1.83756 0.30896
289 1.82517 0.30466
290 1.81274 0.30040
291 1.80005 0.29614
292 1.78687 0.29189
293 1.77286 0.28758
294 1.75761 0.28316
295 1.74158 0.27868
296 1.72531 0.27422
297 1.70932 0.26986
298 1.69409 0.26567
299 1.68010 0.26169
300 1.66780 0.25799
301 1.65765 0.25462
302 1.64860 0.25141
303 1.63962 0.24823
304 1.63072 0.24507
305 1.62190 0.24194
306 1.61315 0.23885
307 1.60448 0.23580
308 1.59589 0.23279
309 1.58738 0.22984
310 1.57893 0.22693
311 1.57053 0.22408
312 1.56150 0.22121
313 1.55182 0.21830
314 1.54176 0.21538
315 1.53159 0.21248
316 1.52158 0.20963
317 1.51199 0.20685
318 1.50308 0.20416
319 1.49509 0.20159
320 1.48829 0.19915
321 1.48299 0.19689
322 1.47948 0.19483
323 1.47741 0.19293
324 1.47641 0.19116
325 1.47609 0.18948
326 1.47606 0.18783
327 1.47592 0.18618
328 1.47526 0.18449
329 1.47366 0.18270
330 1.47070 0.18078
331 1.46594 0.17869
332 1.45929 0.17641
333 1.45240 0.17412
334 1.44556 0.17188
335 1.43879 0.16967
336 1.43208 0.16749
337 1.42542 0.16536
338 1.41883 0.16326
339 1.41229 0.16119
340 1.40580 0.15917
341 1.39936 0.15718
342 1.39298 0.15523
343 1.38655 0.15330
344 1.37955 0.15134
345 1.37201 0.14933
346 1.36409 0.14730
347 1.35590 0.14528
348 1.34759 0.14328
349 1.33928 0.14132
350 1.33110 0.13941
351 1.32318 0.13757
352 1.31563 0.13581
353 1.30857 0.13415
354 1.30212 0.13260
355 1.29629 0.13116
356 1.29086 0.12980
357 1.28576 0.12851
358 1.28096 0.12729
359 1.27641 0.12611
360 1.27205 0.12499
361 1.26785 0.12391
362 1.26376 0.12285
363 1.25974 0.12182
364 1.25575 0.12081
365 1.25174 0.11981
366 1.24768 0.11882
367 1.24352 0.11782
368 1.23924 0.11681
369 1.23495 0.11582
370 1.23076 0.11487
371 1.22663 0.11394
372 1.22254 0.11303
373 1.21846 0.11213
374 1.21437 0.11125
375 1.21025 0.11037
376 1.20608 0.10949
377 1.20184 0.10860
378 1.19750 0.10770
379 1.19306 0.10679
380 1.18850 0.10586
381 1.18379 0.10491
382 1.17892 0.10393
383 1.17386 0.10293
384 1.16863 0.10191
385 1.16327 0.10088
386 1.15781 0.09984
387 1.15228 0.09880
388 1.14672 0.09776
389 1.14115 0.09672
390 1.13561 0.09569
391 1.13011 0.09466
392 1.12470 0.09365
393 1.11940 0.09265
394 1.11424 0.09168
395 1.10924 0.09072
396 1.10442 0.08978
397 1.09982 0.08887
398 1.09544 0.08799
399 1.09124 0.08713
400 1.08717 0.08628
401 1.08325 0.08545
402 1.07944 0.08463
403 1.07573 0.08383
404 1.07212 0.08304
405 1.06859 0.08226
406 1.06513 0.08148
407 1.06172 0.08072
408 1.05835 0.07996
409 1.05500 0.07921
410 1.05168 0.07846
411 1.04835 0.07772
412 1.04502 0.07698
413 1.04166 0.07624
414 1.03827 0.07550
415 1.03485 0.07476
416 1.03142 0.07403
417 1.02799 0.07330
418 1.02457 0.07257
419 1.02119 0.07185
420 1.01785 0.07114
421 1.01457 0.07044
422 1.01136 0.06975
423 1.00824 0.06906
424 1.00522 0.06839
425 1.00232 0.06773
426 0.99954 0.06708
427 0.99691 0.06644
428 0.99444 0.06581
429 0.99213 0.06521
430 0.99001 0.06461
431 0.98810 0.06403
432 0.98644 0.06347
433 0.98502 0.06293
434 0.98383 0.06241
435 0.98286 0.06191
436 0.98207 0.06142
437 0.98147 0.06094
438 0.98102 0.06048
439 0.98072 0.06002
440 0.98055 0.05958
441 0.98049 0.05914
442 0.98053 0.05871
443 0.98065 0.05829
444 0.98082 0.05787
445 0.98104 0.05746
446 0.98129 0.05704
447 0.98155 0.05663
448 0.98179 0.05621
449 0.98201 0.05580
450 0.98219 0.05538
451 0.98230 0.05495
452 0.98229 0.05451
453 0.98217 0.05406
454 0.98196 0.05359
455 0.98168 0.05310
456 0.98136 0.05261
457 0.98102 0.05212
458 0.98070 0.05163
459 0.98041 0.05114
460 0.98020 0.05066
461 0.98008 0.05020
462 0.98009 0.04974
463 0.98025 0.04931
464 0.98061 0.04889
465 0.98119 0.04850
466 0.98204 0.04814
467 0.98317 0.04781
468 0.98463 0.04751
469 0.98646 0.04725
470 0.98868 0.04703
471 0.99135 0.04686
472 0.99446 0.04673
473 0.99799 0.04662
474 1.00191 0.04653
475 1.00621 0.04645
476 1.01091 0.04640
477 1.01599 0.04636
478 1.02145 0.04634
479 1.02728 0.04634
480 1.03348 0.04637
481 1.04005 0.04641
482 1.04698 0.04648
483 1.05426 0.04658
484 1.06189 0.04670
485 1.06986 0.04685
486 1.07816 0.04702
487 1.08678 0.04723
488 1.09571 0.04747
489 1.10494 0.04774
490 1.11445 0.04804
491 1.12421 0.04837
492 1.13421 0.04875
493 1.14443 0.04916
494 1.15483 0.04961
495 1.16537 0.05010
496 1.17603 0.05063
497 1.18691 0.05123
498 1.19804 0.05195
499 1.20931 0.05276
500 1.22056 0.05367
501 1.23163 0.05467
502 1.24233 0.05577
503 1.25247 0.05694
504 1.26185 0.05818
505 1.27025 0.05949
506 1.27745 0.06085
507 1.28322 0.06224
508 1.28735 0.06367
509 1.28966 0.06510
510 1.28995 0.06652
511 1.28809 0.06792
512 1.28397 0.06927
513 1.27753 0.07056
514 1.26877 0.07178
515 1.25774 0.07289
516 1.24454 0.07389
517 1.22935 0.07476
518 1.21238 0.07549
519 1.19390 0.07607
520 1.17422 0.07651
521 1.15367 0.07678
522 1.13199 0.07691
523 1.10893 0.07691
524 1.08472 0.07678
525 1.05957 0.07653
526 1.03369 0.07616
527 1.00729 0.07569
528 0.98055 0.07513
529 0.95364 0.07448
530 0.92672 0.07376
531 0.89994 0.07297
532 0.87341 0.07213
533 0.84724 0.07125
534 0.82151 0.07032
535 0.79630 0.06937
536 0.77167 0.06840
537 0.74766 0.06741
538 0.72430 0.06642
539 0.70161 0.06542
540 0.67961 0.06442
541 0.65829 0.06343
542 0.63767 0.06245
543 0.61772 0.06149
544 0.59843 0.06054
545 0.57978 0.05961
546 0.56175 0.05870
547 0.54431 0.05782
548 0.52745 0.05695
549 0.51112 0.05612
550 0.49534 0.05529
551 0.48010 0.05448
552 0.46538 0.05367
553 0.45117 0.05288
554 0.43744 0.05209
555 0.42420 0.05132
556 0.41141 0.05056
557 0.39907 0.04981
558 0.38715 0.04907
559 0.37566 0.04835
560 0.36455 0.04763
561 0.35384 0.04693
562 0.34349 0.04624
563 0.33350 0.04556
564 0.32385 0.04489
565 0.31454 0.04424
566 0.30553 0.04359
567 0.29684 0.04296
568 0.28843 0.04234
569 0.28031 0.04173
570 0.27246 0.04113
571 0.26486 0.04054
572 0.25752 0.03997
573 0.25041 0.03940
574 0.24354 0.03884
575 0.23688 0.03830
576 0.23044 0.03776
577 0.22419 0.03723
578 0.21815 0.03671
579 0.21229 0.03621
580 0.20661 0.03571
581 0.20110 0.03522
582 0.19576 0.03474
583 0.19058 0.03426
584 0.18559 0.03380
585 0.18076 0.03334
586 0.17611 0.03289
587 0.17161 0.03245
588 0.16726 0.03202
589 0.16306 0.03159
590 0.15901 0.03117
591 0.15509 0.03076
592 0.15130 0.03036
593 0.14764 0.02996
594 0.14410 0.02958
595 0.14068 0.02920
596 0.13737 0.02882
597 0.13417 0.02845
598 0.13107 0.02810
599 0.12807 0.02774
600 0.12516 0.02740
601 0.12235 0.02706
602 0.11962 0.02672
603 0.11698 0.02640
604 0.11441 0.02608
605 0.11193 0.02576
606 0.10951 0.02546
607 0.10717 0.02515
608 0.10489 0.02486
609 0.10268 0.02457
610 0.10052 0.02428
611 0.09843 0.02400
612 0.09639 0.02373
613 0.09440 0.02346
614 0.09247 0.02320
615 0.09058 0.02294
616 0.08874 0.02268
617 0.08694 0.02244
618 0.08518 0.02219
619 0.08347 0.02195
620 0.08179 0.02172
621 0.08015 0.02148
622 0.07854 0.02126
623 0.07697 0.02103
624 0.07544 0.02081
625 0.07395 0.02060
626 0.07248 0.02038
627 0.07105 0.02018
628 0.06966 0.01997
629 0.06830 0.01977
630 0.06697 0.01957
631 0.06567 0.01937
632 0.06441 0.01918
633 0.06317 0.01899
634 0.06197 0.01880
635 0.06079 0.01862
636 0.05965 0.01843
637 0.05853 0.01826
638 0.05745 0.01808
639 0.05639 0.01791
640 0.05536 0.01773
641 0.05436 0.01756
642 0.05339 0.01740
643 0.05244 0.01723
644 0.05152 0.01707
645 0.05063 0.01691
646 0.04976 0.01675
647 0.04892 0.01660
648 0.04811 0.01645
649 0.04732 0.01629
650 0.04655 0.01614
651 0.04581 0.01600
652 0.04510 0.01585
653 0.04440 0.01571
654 0.04374 0.01557
655 0.04309 0.01543
656 0.04247 0.01529
657 0.04187 0.01515
658 0.04130 0.01502
659 0.04074 0.01488
660 0.04021 0.01475
661 0.03970 0.01462
662 0.03919 0.01449
663 0.03871 0.01437
664 0.03823 0.01424
665 0.03777 0.01412
666 0.03731 0.01400
667 0.03687 0.01388
668 0.03644 0.01376
669 0.03603 0.01364
670 0.03562 0.01352
671 0.03522 0.01341
672 0.03483 0.01330
673 0.03445 0.01318
674 0.03408 0.01307
675 0.03372 0.01297
676 0.03337 0.01286
677 0.03302 0.01275
678 0.03269 0.01265
679 0.03236 0.01254
680 0.03203 0.01244
681 0.03172 0.01234
682 0.03141 0.01224
683 0.03111 0.01214
684 0.03081 0.01204
685 0.03052 0.01194
686 0.03023 0.01185
687 0.02995 0.01175
688 0.02968 0.01166
689 0.02941 0.01157
690 0.02914 0.01148
691 0.02888 0.01139
692 0.02863 0.01130
693 0.02838 0.01121
694 0.02813 0.01112
695 0.02789 0.01103
696 0.02765 0.01095
697 0.02741 0.01086
698 0.02718 0.01078
699 0.02695 0.01070
700 0.02672 0.01062
701 0.02650 0.01053
702 0.02627 0.01045
703 0.02606 0.01037
704 0.02584 0.01030
705 0.02563 0.01022
706 0.02542 0.01014
707 0.02521 0.01007
708 0.02501 0.00999
709 0.02481 0.00992
710 0.02462 0.00984
711 0.02443 0.00977
712 0.02424 0.00970
713 0.02406 0.00962
714 0.02388 0.00955
715 0.02370 0.00948
716 0.02353 0.00941
717 0.02336 0.00935
718 0.02319 0.00928
719 0.02303 0.00921
720 0.02286 0.00914
721 0.02270 0.00908
722 0.02255 0.00901
723 0.02239 0.00895
724 0.02224 0.00888
725 0.02209 0.00882
726 0.02194 0.00876
727 0.02180 0.00870
728 0.02165 0.00863
729 0.02151 0.00857
730 0.02137 0.00851
731 0.02123 0.00845
732 0.02110 0.00839
733 0.02096 0.00833
734 0.02083 0.00828
735 0.02070 0.00822
736 0.02057 0.00816
737 0.02044 0.00811
738 0.02032 0.00805
739 0.02019 0.00799
740 0.02007 0.00794
741 0.01994 0.00789
742 0.01982 0.00783
743 0.01970 0.00778
744 0.01958 0.00773
745 0.01947 0.00767
746 0.01935 0.00762
747 0.01923 0.00757
748 0.01912 0.00752
749 0.01901 0.00747
750 0.01889 0.00742
751 0.01878 0.00737
752 0.01867 0.00732
753 0.01856 0.00727
754 0.01845 0.00722
755 0.01834 0.00717
756 0.01823 0.00713
757 0.01812 0.00708
758 0.01802 0.00703
759 0.01791 0.00699
760 0.01781 0.00694
761 0.01771 0.00690
762 0.01761 0.00685
763 0.01751 0.00681
764 0.01741 0.00676
765 0.01731 0.00672
766 0.01722 0.00667
767 0.01712 0.00663
768 0.01703 0.00659
769 0.01694 0.00655
770 0.01685 0.00650
771 0.01676 0.00646
772 0.01667 0.00642
773 0.01658 0.00638
774 0.01649 0.00634
775 0.01640 0.00630
776 0.01632 0.00626
777 0.01623 0.00622
778 0.01615 0.00618
779 0.01606 0.00614
780 0.01598 0.00610
781 0.01590 0.00606
782 0.01582 0.00603
783 0.01574 0.00599
784 0.01565 0.00595
785 0.01558 0.00591
786 0.01550 0.00588
787 0.01542 0.00584
788 0.01534 0.00581
789 0.01526 0.00577
790 0.01519 0.00573
791 0.01511 0.00570
792 0.01504 0.00566
793 0.01496 0.00563
794 0.01489 0.00560
795 0.01481 0.00556
796 0.01474 0.00553
797 0.01467 0.00549
798 0.01459 0.00546
799 0.01452 0.00543
800 0.01445 0.00540
801 0.01438 0.00536
802 0.01431 0.00533
803 0.01424 0.00530
804 0.01417 0.00527
805 0.01410 0.00524
806 0.01403 0.00520
807 0.01396 0.00517
808 0.01389 0.00514
809 0.01382 0.00511
810 0.01375 0.00508
811 0.01368 0.00505
812 0.01362 0.00502
813 0.01355 0.00499
814 0.01348 0.00496
815 0.01341 0.00493
816 0.01335 0.00491
817 0.01328 0.00488
818 0.01321 0.00485
819 0.01314 0.00482
820 0.01308 0.00479
821 0.01301 0.00476
822 0.01295 0.00474
823 0.01288 0.00471
824 0.01281 0.00468
825 0.01275 0.00466
826 0.01268 0.00463
827 0.01261 0.00460
828 0.01255 0.00458
829 0.01248 0.00455
830 0.01242 0.00452
831 0.01235 0.00450
832 0.01228 0.00447
833 0.01222 0.00445
834 0.01215 0.00442
835 0.01209 0.00440
836 0.01202 0.00437
837 0.01196 0.00435
838 0.01189 0.00432
839 0.01183 0.00430
840 0.01177 0.00427
841 0.01170 0.00425
842 0.01164 0.00423
843 0.01158 0.00420
844 0.01151 0.00418
845 0.01145 0.00416
846 0.01139 0.00413
847 0.01133 0.00411
848 0.01127 0.00409
849 0.01121 0.00407
850 0.01115 0.00404
851 0.01109 0.00402
852 0.01103 0.00400
853 0.01097 0.00398
854 0.01091 0.00396
855 0.01085 0.00393
856 0.01080 0.00391
857 0.01074 0.00389
858 0.01068 0.00387
859 0.01063 0.00385
860 0.01057 0.00383
861 0.01052 0.00381
862 0.01046 0.00379
863 0.01041 0.00377
864 0.01035 0.00375
865 0.01030 0.00373
866 0.01025 0.00371
867 0.01020 0.00369
868 0.01015 0.00367
869 0.01010 0.00365
870 0.01005 0.00363
871 0.01000 0.00361
872 0.00995 0.00359
873 0.00990 0.00357
874 0.00986 0.00355
875 0.00981 0.00353
876 0.00976 0.00351
877 0.00972 0.00350
878 0.00968 0.00348
879 0.00963 0.00346
880 0.00959 0.00344
881 0.00955 0.00342
882 0.00950 0.00341
883 0.00946 0.00339
884 0.00942 0.00337
885 0.00938 0.00335
886 0.00934 0.00334
887 0.00931 0.00332
888 0.00927 0.00330
889 0.00923 0.00328
890 0.00920 0.00327
891 0.00916 0.00325
892 0.00913 0.00323
893 0.00909 0.00322
894 0.00906 0.00320
895 0.00903 0.00318
896 0.00899 0.00317
897 0.00896 0.00315
898 0.00893 0.00314
899 0.00890 0.00312
900 0.00887 0.00310
901 0.00884 0.00309
902 0.00881 0.00307
903 0.00878 0.00306
904 0.00875 0.00304
905 0.00872 0.00303
906 0.00870 0.00301
907 0.00867 0.00300
908 0.00864 0.00298
909 0.00861 0.00297
910 0.00859 0.00295
911 0.00856 0.00294
912 0.00854 0.00292
913 0.00851 0.00291
914 0.00849 0.00290
915 0.00846 0.00288
916 0.00844 0.00287
917 0.00841 0.00285
918 0.00839 0.00284
919 0.00837 0.00282
920 0.00834 0.00281
921 0.00832 0.00280
922 0.00830 0.00278
923 0.00828 0.00277
924 0.00825 0.00276
925 0.00823 0.00274
926 0.00821 0.00273
927 0.00819 0.00272
928 0.00817 0.00270
929 0.00815 0.00269
930 0.00813 0.00268
931 0.00811 0.00266
932 0.00809 0.00265
933 0.00807 0.00264
934 0.00805 0.00263
935 0.00803 0.00261
936 0.00801 0.00260
937 0.00799 0.00259
938 0.00797 0.00258
939 0.00795 0.00256
940 0.00793 0.00255
941 0.00791 0.00254
942 0.00789 0.00253
943 0.00787 0.00252
944 0.00785 0.00250
945 0.00783 0.00249
946 0.00781 0.00248
947 0.00780 0.00247
948 0.00778 0.00246
949 0.00776 0.00245
950 0.00774 0.00243
951 0.00772 0.00242
952 0.00770 0.00241
953 0.00769 0.00240
954 0.00767 0.00239
955 0.00765 0.00238
956 0.00763 0.00237
957 0.00761 0.00236
958 0.00760 0.00235
959 0.00758 0.00233
960 0.00756 0.00232
961 0.00754 0.00231
962 0.00752 0.00230
963 0.00751 0.00229
964 0.00749 0.00228
965 0.00747 0.00227
966 0.00745 0.00226
967 0.00744 0.00225
968 0.00742 0.00224
969 0.00740 0.00223
970 0.00738 0.00222
971 0.00736 0.00221
972 0.00735 0.00220
973 0.00733 0.00219
974 0.00731 0.00218
975 0.00729 0.00217
976 0.00727 0.00216
977 0.00725 0.00215
978 0.00724 0.00214
979 0.00722 0.00213
980 0.00720 0.00212
981 0.00718 0.00211
982 0.00716 0.00210
983 0.00714 0.00209
984 0.00712 0.00208
985 0.00711 0.00207
986 0.00709 0.00206
987 0.00707 0.00205
988 0.00705 0.00205
989 0.00703 0.00204
990 0.00701 0.00203
991 0.00699 0.00202
992 0.00698 0.00201
993 0.00696 0.00200
994 0.00694 0.00199
995 0.00692 0.00198
996 0.00690 0.00197
997 0.00688 0.00196
998 0.00686 0.00196
999 0.00685 0.00195
1000 0.00683 0.00194
